1472471
1709641
3791266
5516043
6477637
6802001
8372827
10917224
12451331
14748387
18019614
18977171
20462271
20608632
22899791
25009028
25217792
25373069
27202578
27764635
27782295
27854084
29161332
30018966
30023473
32646780
33109824
33982344
35000429
35257155
37744586
39917912
41943728
44683838
46658018
47221567
47245311
55296647
56317985
57269660
57998066
59778001
60599952
60720792
63869551
65204543
73627200
74729208
75579398
76521932
77743657
80141867
84191907
86125024
87263236
87292159
89469137
90285587
90694391
90936552
91348830
91576470
92696315
96041910
97286486
97345292
99327847
99715943
101923163
103981895
104972215
105726508
106236128
106248353
107264004
108762393
108947893
109916567
110954802
111015397
111649882
118620658
123004835
128302011
131945281
132048405
134102337
134974654
135271878
136191759
137457372
138014583
140213337
140528859
140666116
141987886
145623122
149211200
150694729
152759869
154057619
155322420
155650235
162674347
165480498
166403358
166458109
167553085
167919647
173089693
174963982
175886002
176181225
179052802
180653537
181185777
182287125
186338961
187873812
188228447
191228512
191913648
192543490
194041064
194933854
197304926
198351338
198547376
199115326
199518054
199958385
203425307
203624797
205525734
206095259
206157468
206177926
207488013
210601230
215737933
216100810
217072337
221480676
225488607
226085724
228373647
233615414
237564258
239259680
240691272
242793689
243334699
243682863
244334867
246907603
247474850
250437158
251817728
252119175
259430353
259462465
259550817
262959153
263797556
264636205
265153996
265770838
266810826
266972699
267233262
267244075
268209085
269105749
272225597
273906998
273955939
274224543
276707540
277733680
279319803
280830266
284792883
285390070
289729978
290536214
295749472
296052701
297665078
297882298
299091706
299450367
299482540
301354448
301860174
310751966
310825272
311121193
314558258
315236327
315817302
317411522
317607207
319680968
320687814
323591666
325770315
326406046
329175862
333831863
335660622
340328870
342235237
342970391
345135607
352184811
353865152
355190058
355815925
357752559
361770046
362242471
364137444
364492670
366673240
368000428
368333746
369395864
369641875
369842646
371566457
374455797
375255422
375311278
375360669
377000054
379797967
381406011
381750439
383734676
384590938
384899759
385080575
386850913
389637156
389960266
393911674
395346257
396744058
400646898
401900912
402626955
403960600
406916098
409706224
409851913
409992557
413310272
413457867
421383871
422816513
424417487
427439655
430923476
431218006
431253255
433352417
433476390
433525075
434356400
439432534
440037347
441959810
444338288
444544846
445191723
445823689
450644058
453174823
453466130
453531960
466800630
467865030
468675327
474996294
477200522
478077433
480540751
480801997
482229287
482316897
486550132
489541406
490265541
491152229
491474759
492951526
493051852
494506440
495199505
496095413
496770309
498070096
498676870
502490598
502878054
503351702
503608631
503952873
504907054
505273072
507224161
507666653
514251024
514740183
517663312
519463278
519839822
521043758
523559075
524648857
527282699
527512327
529975518
531542643
537342714
538870746
541478156
542553737
543348953
543521069
544648425
544972333
547230444
548716973
550110779
550207777
555693256
557925882
558973797
559247487
560177379
561752925
561850293
565191494
568218222
570487880
573428659
575253055
575265541
575370064
576316348
578371580
583378088
584867877
585051678
586056720
589849838
590844345
591585029
591849754
595897132
596100679
597086073
597728195
600741136
601539504
603885057
605038922
605821220
606702085
608148268
609017873
612714866
613425899
617121804
617650248
617890006
617902073
619031620
619220063
619230578
621504491
623439617
625003428
628333556
630882002
635187407
635385005
635921437
638797338
639267441
640235936
643172311
645552216
646236545
647392475
648567100
649536948
651895301
653646412
658616306
659258094
665800328
666511365
667124874
671353902
672026895
672842762
673409612
673610719
675131004
677096046
680655999
681173287
682767723
683229201
687015219
687306970
687600223
688889130
689939133
690780139
694933983
697539035
698542274
698602079
701788480
703181216
705195341
708085983
708554598
710571832
713102176
714137050
715646155
719708963
722218523
728062455
728982673
729285765
731460929
732116943
732340301
734101852
735702047
736352130
736352866
736562067
737865394
738156923
739452971
741081720
742336221
742381689
742621832
742783559
743221125
746376505
748753057
749996656
754531209
755134153
755142691
758531786
758574944
759374002
763090900
764362628
764592514
764819362
765058728
767545092
769958686
770205437
775125842
775218921
777673761
778964430
780943647
784881214
786767937
786989009
787246898
787479899
789343001
789578164
791808331
795102180
796162334
796739020
796991861
799268839
800044033
800061490
801876694
806316441
807417353
807565115
807625721
808102309
813470891
816642203
816676023
816957424
818040208
820260126
824225889
827016801
827912234
828546400
828610853
829571630
831356889
833512930
834814333
836308921
837290539
837508030
839438951
840117324
840467520
840867200
846339114
846714821
847622480
849059985
849688458
850596896
851891461
853628757
856995584
861794061
863093010
864134732
864903191
874741702
876667092
881602884
882103111
882237647
884578712
888640023
888725260
891130113
894314968
899131638
899244612
902657161
902748597
904495301
906095985
906494074
906883225
908179123
908372651
908789014
910277000
910989645
912329637
914441967
914764511
917421919
918417556
918427962
920829913
921709835
926515441
926603469
928805851
929174401
929591291
931195398
931287112
931684570
932125523
935022778
935085425
939694881
939936061
940551849
940630768
942242745
945620824
946915165
947539258
947668105
949810235
950170078
955691009
955696049
956004502
958430325
963241353
966665573
968247488
969115126
972208309
972974554
973462473
973746220
975973719
976733919
977652338
982146292
983044500
984903416
986550004
988933008
991514626
992046259
992280518
993779520
997741275
1000061073
1002613150
1003307553
1007372875
1008614167
1009794727
1009949179
1013608058
1014044411
1017463273
1018864229
1020845470
1021718444
1022019249
1024226868
1025438025
1026345052
1029605249
1029963800
1030055877
1030903605
1033672425
1034668581
1036341948
1039645480
1040231765
1044641234
1045422990
1051515878
1053954941
1054966311
1055081801
1059373653
1059444290
1059807678
1060412703
1061752730
1064349118
1066092442
1068641350
1069032375
1071906007
1076709301
1077556979
1080510332
1082779328
1085827213
1088214201
1090154669
1092530082
1093932712
1104158506
1105745189
1108886947
1109711311
1110226681
1110366708
1114542351
1116078848
1117892699
1119532298
1119847480
1121414329
1123918633
1124297390
1126354856
1128318522
1131670301
1133675062
1134864390
1135974338
1136078683
1138573012
1140761283
1142033651
1148423652
1149019599
1151180633
1152079296
1152180154
1152226821
1152940312
1153207468
1154221026
1154329856
1154388862
1155519925
1155860027
1155887116
1157950608
1161252207
1162535206
1166568260
1170272185
1177209372
1179475387
1179595025
1183470825
1183667779
1185661244
1186061080
1186318189
1186915939
1188814748
1189959724
1190107206
1190986601
1191587600
1192732711
1198202724
1201324787
1204321215
1205315717
1207171170
1208943415
1210071260
1210704940
1212093002
1212849663
1216161320
1216800200
1218524157
1218727850
1221042770
1223479331
1224062513
1226159338
1233213009
1233875290
1234492571
1238581214
1238683795
1238725425
1241988199
1243978465
1245057478
1246630834
1247816737
1248766077
1249111156
1250251035
1250541116
1256513171
1256757950
1257376636
1259957418
1261473505
1261555707
1266797962
1268376322
1269970560
1271532739
1271800607
1272313852
1273141787
1276930986
1287566486
1289820234
1289869568
1293729799
1294835760
1305996775
1307643120
1308930840
1310589253
1312806051
1312939634
1318284116
1318863607
1321872859
1322087393
1323604406
1327663195
1328287285
1328989617
1332859335
1335121736
1336564247
1338901265
1339934376
1341936044
1342870364
1343472177
1348086229
1348147298
1348698060
1351103202
1352947194
1353900908
1355935499
1357259355
1357481886
1358476645
1364338454
1367931666
1368962997
1370362043
1377299097
1377392850
1381764774
1382210044
1382578008
1384577674
1386562763
1388480253
1388666856
1390188036
1391709280
1392255383
1393035233
1393677605
1398328238
1399863887
1400400667
1402274067
1403394861
1405039464
1405160972
1409770680
1410235826
1410683566
1412978227
1415429786
1415457854
1417794435
1418033107
1419645215
1420734788
1422516192
1423211026
1424005440
1424632156
1424746924
1426265127
1426813156
1427618990
1427892169
1429927442
1430550851
1430799865
1431056467
1434724129
1438642279
1438909394
1439018378
1440485857
1440696481
1441713378
1442079943
1443442107
1446821780
1449438996
1451612547
1452733771
1452867253
1453694414
1454274931
1454431712
1454892040
1455104380
1455373314
1455809517
1456642870
1461564766
1463367261
1466376365
1472946061
1475431864
1478617057
1480049940
1480692237
1481465475
1482101195
1482522004
1484751913
1487038421
1488665508
1488842022
1488880812
1489194836
1491782612
1492685806
1497089669
1499107082
1500622208
1501459739
1501709012
1504776569
1505532217
1505540095
1505691124
1506127036
1508598642
1509350043
1509866400
1510700280
1511553605
1512430143
1512682407
1513463297
1517795432
1518813921
1519539287
1520458052
1521926298
1523394591
1524747982
1526221977
1527031124
1527634415
1529265059
1535901385
1538324387
1541928848
1542040349
1542868235
1543089483
1545002661
1546264930
1546681471
1548095252
1551190400
1552061256
1553687158
1554155001
1554388215
1556420007
1559870909
1560969201
1562605762
1563837601
1564564546
1569772012
1570904045
1572505809
1572660778
1574462781
1575093365
1580195372
1584212194
1586895258
1587126422
1587707868
1590568102
1590975937
1591419542
1592272553
1592563480
1593247276
1597381146
1597472161
1598293870
1606938745
1609362186
1610366593
1612964990
1613087680
1613656841
1614015667
1615850330
1616769463
1623873485
1625082617
1626439196
1627256618
1627624032
1628987865
1629899601
1635244454
1636084860
1642896004
1647637502
1647640411
1652276044
1653007820
1653929367
1654264089
1657286631
1657541921
1657659210
1657952604
1658227253
1662945924
1666856875
1667107876
1670973761
1677377375
1677980699
1678204641
1679068785
1681272221
1681316573
1682733194
1685433350
1685632650
1688521976
1689541713
1692387841
1693235392
1693350408
1696353419
1697427167
1697723914
1698270376
1701337651
1703743739
1706595251
1707299321
1708340737
1712320924
1713285693
1715523462
1716623520
1719825436
1719834018
1729868517
1731551199
1733863212
1735795452
1739457369
1741320557
1742906540
1743720606
1744477538
1744646290
1745330841
1748997181
1750202004
1752921955
1757587483
1765112878
1765772432
1766243305
1766965963
1768612210
1768977669
1770990078
1773330250
1774870976
1777489768
1785086467
1788202834
1790893432
1790980766
1792742729
1793061822
1794671395
1796591056
1798120783
1799959463
1804330378
1805850788
1807604120
1810039037
1813182836
1813807326
1817972639
1820719726
1821311851
1821359889
1821510348
1823401611
1823658911
1826814914
1828046155
1831050874
1832213201
1833506529
1833739909
1836299556
1837282158
1841416140
1843109381
1843263901
1844566377
1847274099
1850854958
1850898287
1851639788
1852586359
1853881056
1854995004
1857358000
1859420891
1860968094
1864613171
1865229569
1867369697
1872070440
1872669828
1875293667
1877496489
1878002225
1878984871
1883037098
1883719904
1885673875
1885987642
1887025730
1889017687
1892421913
1892762171
1892989376
1896956622
1900206700
1904864002
1905234754
1910330796
1911642285
1913135991
1919693267
1919782854
1924257089
1926092203
1926383397
1927038293
1928669202
1928840567
1934518525
1935199826
1936626645
1940653212
1948327368
1948460288
1948798925
1950978308
1953010461
1953485646
1953545832
1955467547
1955486607
1958535359
1960100450
1963861652
1963884195
1967200744
1967863177
1968915106
1971582902
1972288876
1972360918
1973105048
1974708598
1976092951
1976118475
1976386222
1976592528
1984940458
1985303568
1985893375
1989598938
1990688022
1991168118
1991695416
1991979911
1992001333
1994907918
1997275191
1998283315
2000028185
2000324454
2000351676
2001479704
2002273862
2002843594
2004115557
2005083902
2006200273
2006976454
2009636685
2009966258
2010187212
2011692813
2012144756
2014043836
2017900794
2021658393
2022397830
2024789928
2026312066
2027586106
2027651078
2028638852
2029777444
2032408346
2034552111
2034599730
2034912107
2034952166
2035512177
2039789091
2040317336
2041551721
2042463188
2042719757
2045120051
2051007112
2051082956
2052001692
2055624858
2057326453
2059536847
2060564139
2061650857
2062693653
2063663680
2064969949
2067408932
2067567786
2070697854
2071441120
2071879329
2077027053
2077487917
2079155118
2080373154
2082734718
2082843648
2088341302
2091861826
2095555366
2096699327
2098157569
2099073398
2099989396
2100249447
2102355604
2103919135
2106215095
2107424405
2107615675
2108369369
2108784401
2109156776
2110559478
2113309884
2117341830
2117507812
2119205713
2120316680
2120335804
2121353834
2121700480
2123002261
2129299413
2130104918
2131615290
2132726372
2133985808
2134390746
2137812432
2143019145
2147928624
2152454236
2154526286
2155351534
2157940640
2162313291
2165492747
2170986171
2171484126
2171907241
2172450154
2173298402
2177173074
2177325089
2178301232
2182696496
2182942138
2186942654
2191274479
2197947206
2200714195
2204104251
2204278633
2204511547
2205724555
2206175828
2206489651
2206760805
2215214667
2215845312
2217530953
2218126083
2218288150
2223011282
2223327523
2224686517
2225283196
2230049456
2230835777
2230878908
2231872272
2233650533
2235757867
2237378615
2238180225
2240083000
2240818299
2241363302
2242551782
2243119196
2244541001
2244906212
2247431836
2249979561
2254474696
2255022388
2256856060
2257660142
2258149167
2258175071
2258633303
2260489810
2260968499
2262153579
2269070680
2269135794
2269573088
2271440363
2276130882
2276352923
2276568586
2278208122
2280927285
2281943454
2285075002
2290939714
2293650216
2297276460
2299006918
2300347267
2302635583
2304567260
2304854243
2304873296
2304903127
2305708064
2305831737
2309013170
2309779178
2310501040
2310792227
2310865100
2311722334
2312840303
2315182823
2316064201
2316595833
2323744764
2329273101
2329742202
2331637611
2339828809
2342954264
2344136575
2352377003
2353770707
2355324850
2359675524
2360236733
2360437112
2360985336
2366789376
2366981656
2368920014
2371639915
2374980005
2375901135
2380998392
2383713010
2384273943
2389138819
2390193209
2392033706
2393270535
2395535034
2396676565
2397484581
2400249269
2403017606
2404887214
2406700437
2407517685
2409444274
2409489315
2411489399
2412895945
2414761136
2416622549
2416668329
2424006811
2424739681
2425734755
2427324795
2430336517
2430896253
2431100132
2434606702
2436459800
2437319659
2437992677
2438091115
2438775722
2439178163
2440909281
2446144240
2446503640
2453946773
2454639597
2457068043
2459455070
2465122684
2465962821
2467119672
2468199114
2468755742
2469228203
2469946483
2472622544
2474767172
2474789974
2475350279
2475500564
2479274290
2479387920
2481391184
2482712618
2487824935
2488715290
2489194895
2492095016
2492504374
2492825010
2493094154
2493488827
2495634396
2495656071
2496618165
2497572832
2498103829
2502876325
2504328269
2504406982
2506609384
2513335056
2513511924
2514371921
2515938528
2516417421
2518367146
2521296950
2522539195
2522952820
2527245437
2529657725
2529880181
2530473715
2531352061
2531766983
2531919685
2531944635
2531954168
2536683271
2536872381
2537724104
2537804025
2539722844
2540267336
2541564191
2545229711
2545364615
2548817761
2548887422
2551288343
2551469004
2553395438
2553776958
2557086121
2557120089
2557156844
2557766016
2557818524
2561476844
2561936001
2564527439
2564564235
2564622281
2565145912
2568147065
2569643324
2572273630
2575485231
2577582773
2578826819
2579453968
2579578479
2585214166
2585727197
2586016404
2587538935
2587654172
2588600653
2592176161
2594980395
2596035008
2596217733
2598466736
2601123330
2603030523
2603962860
2606463715
2607628877
2611747778
2615487415
2617013788
2621226539
2624320018
2624490933
2625484627
2627449292
2629084648
2629275969
2629730565
2631707924
2632565370
2634212942
2634760202
2635226370
2636191044
2637891895
2639387829
2639841740
2640558185
2640830363
2643326775
2643756144
2644907678
2645161108
2645408601
2649770047
2650492884
2651671805
2653313555
2653999605
2656034097
2660224361
2660578871
2663085460
2663221384
2663262066
2663413535
2663833065
2668553300
2670716407
2673959527
2673991048
2680026173
2680514910
2686840820
2689711381
2691631909
2696013565
2696322976
2698462405
2699740588
2702013124
2703731963
2704205891
2704637012
2710964510
2713272791
2713513992
2713628637
2714080998
2714338250
2718386305
2720367720
2723246602
2724508588
2724535429
2726660356
2727083068
2730190488
2730407609
2731030614
2733355097
2737262549
2737548628
2737724385
2742559005
2753049635
2755348149
2755657965
2756082234
2756683788
2758131864
2758594880
2758825195
2766395000
2767834869
2768754061
2769510605
2770118282
2771865359
2771901633
2772046999
2774600022
2775890648
2777176609
2778652999
2779204263
2780493022
2784847023
2786729463
2788563954
2789664318
2792254344
2792767882
2795895302
2796549179
2796961030
2802201441
2803515948
2804469003
2807108312
2807523086
2808207749
2808471877
2810300731
2813541988
2814096520
2815554749
2816115135
2821613681
2826377816
2827377704
2828075140
2829293173
2831108880
2833122462
2836554757
2837797123
2838312172
2839377514
2839451741
2842556710
2844982356
2847006150
2847073659
2847700359
2853315874
2855154631
2856054191
2857632396
2858158932
2860865907
2866182630
2867264206
2867980811
2871256382
2874536266
2876468704
2877771864
2877794412
2878882809
2878917898
2879428867
2880758886
2881798979
2885029276
2886499344
2887966492
2888952450
2888980509
2890502072
2890589217
2891613989
2894465447
2895198904
2896525420
2900072809
2902781787
2903017914
2903183011
2905864603
2907037875
2910296616
2912953419
2914250440
2914268533
2917377827
2917787578
2920579421
2920669605
2922436144
2923513415
2924453840
2926313667
2928976581
2931548425
2933166647
2933787265
2935486454
2935872370
2936206813
2937309703
2940544246
2943413516
2944388393
2944514077
2946842655
2947934410
2948768306
2949558883
2952172005
2955382283
2958458337
2960112634
2962222826
2962297058
2963036367
2965729774
2969430068
2970224847
2975193058
2975219498
2975647894
2981814200
2982881148
2985500501
2986978617
2987162650
2988500518
2988639996
2989010487
2989751279
2989972321
2992920412
2993338499
2996367686
2997701572
2998701280
2999651200
2999902015
3000242703
3003822716
3007260756
3007890133
3007934580
3008157127
3008881287
3010379635
3012360859
3013770503
3014108275
3016101098
3017650818
3018430818
3024016853
3025505065
3027165956
3027710423
3028037804
3035058546
3039925380
3040373931
3044016213
3044519564
3045738915
3050488005
3050991691
3051309578
3051763762
3052030293
3053141380
3053272983
3054412920
3054794376
3055327306
3055359889
3056900788
3058358817
3060585635
3060622739
3060646344
3063887662
3066273259
3066987332
3067205038
3067469692
3068190451
3070023122
3071554445
3071632011
3072583076
3074627899
3074703459
3076332039
3078895547
3081575245
3083200643
3083719300
3086543042
3087100074
3089096572
3089325639
3091606004
3091668764
3093085222
3095351121
3096812292
3096885113
3097181194
3097223877
3100961574
3101909262
3102390011
3104164093
3104496261
3104932482
3105257737
3108191036
3108740684
3114105843
3119310482
3119513257
3120661601
3122025226
3126359444
3127220033
3127323813
3127483580
3130321398
3131877234
3132814274
3133469689
3137892447
3138313208
3138360255
3142260776
3144113033
3146828634
3148511019
3151922532
3152260649
3152762766
3157953298
3159261054
3160529204
3162889558
3165790238
3167836449
3168328043
3168495035
3169400538
3170496188
3171963623
3173693561
3174706881
3175745605
3178042392
3178961407
3180124876
3181967110
3183734284
3185833005
3187644500
3188219615
3190807218
3196175486
3199194362
3201634529
3201833470
3202060617
3202861576
3202931366
3202999746
3203089808
3204491550
3206592279
3211654034
3218468792
3219932678
3222028285
3225616601
3226441595
3227218307
3228503329
3229029096
3229673021
3233354522
3238950041
3240297846
3246254694
3246888230
3246932589
3248889813
3249712478
3251496388
3252884124
3253857513
3254755141
3258458094
3259319486
3260457777
3260839914
3261498608
3261743138
3267423302
3267947358
3268031351
3270142643
3270773665
3271283910
3275662697
3277390589
3277455085
3277636547
3278564866
3279275809
3287842567
3287856123
3290760329
3292389992
3295002383
3295259720
3298984704
3305147893
3312306166
3313538307
3317762418
3321022981
3321034217
3322213679
3323813404
3327134875
3328547331
3332062827
3332964505
3333797725
3336999806
3340827908
3352504629
3355775458
3359399603
3360314336
3360501710
3366299909
3369879613
3371321800
3372332857
3373634321
3373779161
3375227134
3376425386
3376874922
3377210882
3380190054
3380711670
3383805720
3386981795
3387707229
3387716051
3388936010
3394949218
3394988762
3396567488
3398525500
3399280647
3399409416
3400900111
3405670882
3408078628
3408543408
3409468246
3412861063
3417416786
3417813686
3418882004
3424423977
3424525394
3431564443
3432534099
3435756065
3436600817
3437327805
3444654680
3445022665
3446553737
3446980841
3451210775
3452266787
3453753649
3458859750
3458868239
3464145870
3464596789
3464683398
3465910583
3466474581
3466574887
3469990919
3471181569
3471479334
3473445468
3474160644
3479185893
3481379069
3482012794
3484119781
3484965664
3485584883
3488122337
3488123451
3488298003
3490090638
3492524776
3493385458
3493953455
3503929351
3506724689
3506759346
3508360357
3509051144
3510499822
3514727445
3516220320
3516410371
3516412219
3520258958
3520329570
3520715570
3520842916
3522318887
3529089674
3529764128
3530091264
3531884947
3543204559
3543603954
3545636164
3545745923
3546097795
3547805313
3550201989
3550386314
3552312799
3552384675
3553562679
3555885463
3558821031
3560665990
3562584919
3563395594
3563479042
3564090754
3564980811
3565694477
3566314546
3566657913
3567846219
3570077592
3570859649
3571943059
3573245041
3573870617
3574145758
3574368184
3574712766
3576899581
3580745052
3582847457
3583043614
3584771746
3587469625
3587925703
3588508510
3590597189
3590892065
3591905248
3593346803
3593498591
3596097209
3596358844
3598882027
3599257938
3600826271
3604054210
3605570756
3606485193
3608998499
3609115847
3610398466
3611392478
3611430543
3612439485
3612638024
3615386424
3617640708
3618322801
3619848695
3620154241
3620274143
3620664184
3623980480
3628965087
3630034819
3631235881
3632327850
3634316974
3634508280
3634895491
3635971876
3639447058
3639516900
3639555327
3640233840
3644299260
3645997008
3647609624
3654589664
3655164892
3656497892
3658913041
3662506902
3664940753
3665103709
3666193571
3672382253
3672675957
3674131057
3674906739
3675904588
3676288264
3679006860
3682263451
3685941497
3687065088
3688565721
3690527673
3693485009
3693874329
3694095650
3694371925
3695594566
3697983441
3704804080
3705706083
3706305963
3707717510
3707847814
3708432336
3712234183
3713357968
3713500130
3715211925
3716768921
3717404201
3718384004
3720541007
3722193155
3723541100
3724887695
3725601991
3728490727
3728609538
3730043557
3731586697
3732083744
3735010490
3737142146
3740416313
3741372516
3741904940
3744680814
3746394198
3748422638
3749722188
3750688608
3750834649
3752876140
3755732040
3757364369
3758084887
3759804881
3759983695
3761215096
3764321212
3765856194
3766255565
3769054686
3771838352
3772707832
3773830007
3773952948
3780947360
3781827028
3782013283
3782397024
3782981050
3783575696
3784398177
3785174872
3785280970
3786622956
3790571975
3792745178
3794958776
3795520667
3797533331
3797958515
3798631220
3800701876
3800773891
3802216779
3805501873
3806747761
3810281302
3811040736
3814193033
3814472528
3815534948
3818990825
3823803104
3824308887
3824414791
3824640837
3826519118
3833879722
3834800479
3836557837
3838459065
3839082974
3843076914
3847002151
3848395979
3849805126
3851140918
3854065683
3854358050
3856639716
3860359895
3863963051
3869959555
3871639065
3873511292
3874790383
3876862811
3879059287
3879872517
3881413119
3885939431
3886224893
3886795126
3887242139
3887948078
3891259392
3891847826
3891992752
3892333827
3893468711
3893884359
3897862084
3907635197
3910496051
3910850750
3911551177
3912168078
3915734552
3916773485
3920135205
3920488060
3924386999
3926240500
3928070573
3933329292
3934650214
3938385162
3939462078
3940469641
3940832440
3941808956
3943796763
3948336559
3950271297
3950875576
3951056973
3953076169
3953117039
3953208498
3954932548
3955801346
3955946283
3956418833
3959094694
3960951029
3961192541
3965094525
3967760650
3968216721
3968595846
3970398153
3971667682
3974248524
3974805041
3977333320
3979497287
3981277700
3987323654
3988682453
3989841312
3992882331
3993208977
3995212330
4001030016
4002415388
4004607001
4005671928
4008154089
4009560757
4010728571
4014193737
4016224190
4018086664
4019062818
4020475865
4021952253
4028830588
4031661285
4033249381
4034534269
4036599661
4037085497
4037518120
4037909726
4038690006
4043526718
4045348426
4046023578
4047374569
4048706973
4050603906
4051238500
4053882828
4058357240
4062721314
4065899657
4066235643
4066955708
4067279127
4069198985
4069661766
4072275872
4075964994
4078075732
4079166884
4080382342
4080735522
4082993556
4084248830
4085650900
4089664618
4090087944
4093519377
4094817203
4095624767
4096499310
4097328821
4100252281
4102355842
4103954006
4106415431
4106511816
4108498350
4108681900
4112395552
4112410515
4113280364
4114070672
4117295730
4117605408
4118515212
4119874073
4120099361
4126727808
4129654471
4134479636
4135546157
4135864573
4136038667
4136138072
4136502628
4137251938
4137341780
4139123161
4140596718
4144951314
4147043498
4148438972
4149667365
4150688610
4155636382
4156114195
4158392670
4159655523
4161000320
4161314764
4162407160
4162578968
4162834439
4164421462
4166684867
4167420774
4168145478
4168483041
4171152568
4171841571
4173094488
4173367403
4173809863
4175861576
4176770156
4177893788
4178767573
4179903845
4180337798
4180628842
4182917702
4185785087
4190360011
4192683167
4195777983
4197420979
4201783365
4203072005
4204881223
4206176733
4209383262
4212496444
4213793482
4219440739
4220585557
4225538477
4226014758
4226181573
4227718181
4228017681
4229793863
4232040280
4232832997
4235783901
4241821054
4242646247
4250990636
4253194999
4253285003
4253775626
4255046236
4261287051
4262324699
4263685511
4267235975
4269036547
4269139907
4269309687
4270015798
4274284136
4277590074
4279238508
4279367771
4281801935
4283170221
4283407872
4285247561
4285495937
4286280085
4288658092
4290407598
4291200540
4294256469
4295988570
4297445885
4298886107
4299186981
4301702058
4304524111
4307401615
4310453578
4310858816
4311883102
4312072759
4314737540
4316461565
4316696749
4317268798
4318052675
4318407201
4321793808
4322468781
4323231133
4325375017
4328985848
4329254292
4332764403
4333055565
4333116396
4333788648
4336325515
4338368332
4338563936
4341446957
4342611704
4343379441
4345106914
4345273257
4348281861
4351844470
4359574727
4362928805
4363482155
4366952581
4367330357
4377956855
4378327634
4379644372
4380176796
4382803805
4383217989
4383503133
4386881495
4388349001
4395835532
4395902508
4400119143
4400121494
4402363219
4403507372
4403692706
4405522792
4407401963
4408010899
4409083275
4412721488
4412797589
4417556927
4418475162
4423380768
4425601704
4429416107
4431376130
4432472465
4433189844
4434228802
4434898953
4435446730
4437128640
4439416578
4440703340
4440918552
4441011022
4441842096
4445565615
4452469696
4453325008
4455269536
4456054384
4458870314
4459420486
4464706314
4468942588
4469454241
4473252609
4473382418
4473963601
4474383011
4475497515
4476684244
4476996279
4485079803
4485555713
4487392536
4487675050
4488459181
4489896423
4493296553
4494493363
4495730885
4497241251
4499674105
4500158993
4500254714
4501099322
4502881556
4507327042
4508743588
4508771525
4511258526
4511472478
4511898285
4512411160
4512460227
4513665509
4513723112
4514681320
4515453538
4516296949
4516437281
4518185251
4518815112
4521104272
4521652124
4522818243
4523815712
4525443822
4530717335
4532358518
4533116909
4533567686
4533796084
4534632164
4534813060
4536686647
4536824469
4538001324
4538488873
4539598015
4542029527
4545259372
4546094129
4549586045
4550536113
4551965667
4552794303
4553748604
4555591072
4557976861
4558747417
4563734947
4564928202
4565373420
4566670384
4566943831
4567167268
4569583762
4570603402
4571200145
4571269692
4571503062
4574016261
4574547129
4575919251
4576472992
4580380119
4587211194
4587242283
4589847910
4598211679
4601754897
4608395054
4614386273
4617683673
4620773121
4621050798
4622482755
4623916251
4627195354
4632532413
4633042907
4633927974
4634604678
4637853267
4646163861
4646189667
4648633947
4649383190
4650674281
4656240414
4657839069
4658483797
4659200383
4660838837
4662793918
4665545983
4670675211
4670908091
4674671109
4674764137
4676086071
4676717830
4678388469
4680153470
4680294799
4680495534
4680497136
4681382985
4681869466
4681905827
4682610396
4686707441
4688362617
4695884843
4696491205
4696571178
4703653792
4703981162
4704463302
4708539339
4708587587
4712126323
4714121718
4718111974
4721414799
4723872444
4725185479
4726412383
4726796313
4727362795
4728013006
4732807612
4736746300
4737927243
4739585123
4742242883
4743210986
4744996334
4747593471
4748566003
4756697108
4756870532
4757551610
4763517087
4773644563
4775615178
4776780042
4777299282
4782282063
4783194782
4784421646
4784812339
4784816792
4786448625
4786602120
4788489291
4792345757
4809089960
4812115551
4812257465
4812993568
4813409185
4816773906
4818537257
4822331066
4822710007
4825131495
4829954465
4830632201
4830888564
4832066164
4833489535
4833505110
4834672196
4834983876
4835985173
4838206834
4840615950
4842926608
4843227958
4843913164
4846312754
4848330231
4848383298
4850363215
4855918786
4863857484
4869079737
4869498048
4870824851
4871800004
4872194576
4880951537
4881983341
4886946353
4889058351
4889859297
4890484915
4894570553
4894838974
4894908040
4896056902
4896078352
4896246283
4896837010
4897867727
4898252149
4900815623
4903585674
4904770005
4905959585
4906241940
4906353257
4906870149
4907318737
4908489626
4910000113
4912400650
4914441512
4916976017
4918472467
4918632571
4918869592
4920113435
4920629173
4922114814
4923436494
4923540532
4924780877
4924806082
4926946711
4927711736
4928643586
4930053695
4930725423
4932407862
4933909486
4934986246
4935404884
4939090001
4943472108
4945145087
4945435054
4946377539
4946542708
4948175056
4955411414
4956005638
4957463460
4958944322
4959637530
4961996641
4962462815
4964318959
4965580423
4965798014
4967605753
4967804313
4968184255
4968422246
4970158077
4970878980
4971159744
4972691056
4974260834
4980428003
4982345314
4985415291
4985718194
4986098851
4988632797
4990360279
4990873236
4991490565
4992720053
4994985132
4997334679
4998752526
5004761543
5007487922
5009238971
5024348447
5025620406
5026271435
5026670054
5026918377
5027467088
5032839057
5033277647
5036848392
5036893826
5038443027
5038574727
5040228345
5042944873
5044763860
5045017250
5045206238
5046193998
5050699575
5052326584
5054157962
5054429171
5054881572
5056456342
5060848987
5062980553
5066420496
5073833999
5074089213
5074934104
5080441890
5082602531
5087079331
5087131013
5088434391
5088843870
5092209257
5094679394
5095546673
5097090977
5097723178
5098202524
5100747328
5104898754
5105636331
5108133033
5108955719
5109091437
5111325053
5111949545
5112080453
5116914946
5119834873
5120136709
5120291332
5121026419
5122669144
5123794225
5125107072
5125565141
5127000183
5127249171
5127557730
5129031545
5132667353
5134573445
5136389729
5136805738
5143995667
5146256683
5146267989
5153701497
5155094154
5161969580
5162708627
5162794165
5169325471
5171066229
5171945792
5172121790
5172976572
5173411797
5175449831
5176075276
5177768055
5178382974
5180257747
5183094306
5184007631
5184469168
5185225418
5185542616
5186263250
5187286772
5190197199
5191574657
5193674355
5193770934
5194989263
5199854640
5200051152
5201783458
5206256097
5207152025
5207479045
5208027844
5209842231
5210607645
5211005240
5215922827
5216312647
5217497764
5218775168
5219791090
5222052447
5224663088
5227661277
5231160940
5234014402
5236800463
5237116284
5237166009
5237209354
5237981381
5238277485
5238863795
5243570961
5243904893
5243991987
5245560470
5248297974
5248316856
5249723364
5250121950
5250715787
5251537860
5251971288
5255489239
5256822165
5257473054
5260626965
5260711356
5262581319
5263810029
5264874618
5264995975
5265661965
5265719666
5265814573
5269243976
5271842963
5273957880
5278743788
5279625251
5285038687
5287652041
5289227246
5289288066
5297718124
5298843530
5298882259
5300215491
5302386236
5309300094
5320182596
5320231085
5322894123
5323441424
5323513439
5326279965
5327118026
5327316451
5327725387
5328729035
5333056278
5336257592
5337889184
5340508302
5340571164
5342695370
5342988009
5343931914
5344388644
5344949567
5345643236
5346975920
5350024618
5350405023
5353924568
5356417048
5357114405
5363103732
5364912369
5365251151
5367847761
5377473376
5380566273
5383510000
5386335903
5389178944
5389563255
5390389336
5390760548
5394778491
5396195685
5396558888
5396730398
5396940102
5400075213
5401475765
5401673395
5401821026
5402130878
5402743572
5404502950
5404706856
5405045620
5405605499
5407799310
5410117519
5411902716
5413729525
5414129323
5417212717
5417937578
5417942006
5419107884
5420432735
5420465109
5420969886
5422453425
5423876969
5425293914
5425625250
5426040341
5427441785
5427951874
5429112470
5430210328
5430892927
5434403355
5435073481
5435645059
5435849497
5436259313
5437719526
5438359889
5438915042
5443084813
5444032137
5444587061
5445112651
5446602547
5446819144
5447600892
5448546350
5449311285
5449696544
5451788458
5454053464
5455041668
5456856242
5456936571
5457191144
5458867432
5459048664
5460418073
5462175721
5464517644
5465232565
5467121840
5467566783
5469726839
5470758972
5473250664
5474009306
5475491626
5477227373
5478463838
5486684451
5488932898
5494399843
5495833904
5496135728
5496273988
5497253271
5497995413
5503108395
5504050546
5504149728
5508521920
5510132477
5511899062
5512784714
5515179656
5516023688
5522565744
5523893608
5525200739
5526090010
5529149268
5529355588
5530980029
5532304092
5535467266
5538061722
5538204157
5539027419
5540672104
5542955201
5543351925
5543862511
5543969288
5544445560
5544556679
5545249365
5545350255
5545503056
5548264180
5548273939
5548628167
5552811795
5553576886
5553782230
5554431059
5558007130
5559642745
5562197137
5562949237
5570139959
5571981373
5573796348
5575092269
5575348653
5579187011
5579267473
5579699989
5581396215
5583348596
5589944041
5590607628
5591239978
5596064293
5597190130
5600598736
5602474773
5608506114
5610200154
5610387658
5615826428
5616721682
5616959470
5618779598
5621033868
5621059482
5624740560
5626563903
5627385937
5632158687
5632617396
5635817895
5637306778
5642285351
5644383145
5644597742
5644725263
5654860021
5655249473
5655666948
5656384678
5661312334
5662471554
5662945840
5663765818
5664327683
5667558756
5669280421
5670891268
5671018700
5671224132
5674120321
5677098290
5677221421
5681506597
5682845839
5686996210
5687026871
5690184713
5694115207
5695301182
5697230894
5697692812
5698404183
5698804535
5701286910
5702864519
5703753795
5704995981
5707521832
5707736010
5707880277
5708170380
5708922328
5710887603
5714256169
5714430615
5720182072
5721190235
5722643391
5724528087
5725481549
5726643373
5726688726
5728511085
5728810240
5728982532
5730510890
5732593962
5733001010
5733882074
5739134522
5742880879
5743849178
5743927463
5744090006
5744172101
5744378855
5745790144
5748079028
5756355866
5757831351
5758928368
5759573416
5759877397
5763580365
5763804952
5764548205
5768668754
5770214961
5770422593
5770830435
5771342014
5776358916
5776970705
5777392992
5777884261
5778760639
5779333469
5779420684
5780073087
5780205381
5780868774
5782528694
5783630342
5784732998
5786678409
5787528053
5787622001
5788363402
5788644870
5789123689
5790893742
5791386057
5793060018
5793901472
5794395574
5794405483
5794887953
5795506608
5795835562
5795871273
5796138404
5799728026
5800573855
5804337474
5804636397
5811152668
5811167007
5812557931
5812626096
5812760675
5812833240
5818246441
5819754854
5820263130
5821576013
5822902796
5830298585
5831957771
5833980804
5835037933
5835773805
5838222438
5838447012
5838912790
5846265638
5849410643
5849902645
5851134462
5852205564
5853163193
5854231741
5854269612
5856889077
5857847722
5858919451
5860043383
5860578178
5862417038
5862426184
5864290555
5866706398
5867543359
5867724734
5868494391
5869107731
5869231325
5870437735
5875193274
5877093032
5877915366
5878847966
5880732552
5881861734
5882176959
5882469864
5883899889
5884855700
5885030390
5885201291
5888206347
5888475719
5888620279
5891035883
5892108321
5892853728
5897896428
5898818725
5901319458
5902572463
5904346496
5906652507
5906849030
5906890632
5907916551
5909208009
5911716298
5920389101
5920690630
5921907831
5922509954
5922779461
5923684221
5924473620
5924828127
5925373731
5926403816
5928206562
5928601463
5931216517
5932867972
5935118378
5936736860
5937712367
5938261757
5938356391
5939214850
5940257877
5940787213
5944664242
5953578461
5954747743
5964669936
5970640979
5972048045
5975956071
5975997882
5979313798
5983904611
5984272420
5989130649
5990180942
5995358409
5995642165
5995797032
5996214331
6002142086
6002236568
6008023386
6008969315
6010338072
6015978139
6019944314
6021912379
6021996361
6023794701
6024156433
6024229876
6025635855
6026633158
6028885534
6029286999
6030159373
6033452079
6035270276
6035376012
6035424454
6035961279
6042377070
6044609413
6044963735
6045764999
6047941784
6055671135
6058705077
6061711486
6062202423
6064677879
6064983035
6066300323
6068260340
6068664575
6070229246
6075263683
6077158008
6077687862
6078392256
6080348596
6080434768
6083420782
6084645482
6091100873
6092649871
6093208856
6093399225
6095065956
6096399641
6101258089
6102272592
6103317328
6103565422
6103869756
6105609828
6106732401
6109303816
6111801841
6117749392
6120310314
6121411280
6122382733
6123915642
6129028794
6133420573
6134458139
6134734993
6135853958
6141247405
6141495318
6143614818
6145966764
6146116780
6147110735
6151318559
6151521199
6157101960
6159406783
6161083422
6164733737
6165473776
6166178336
6169502788
6171276836
6174111495
6176223068
6176652046
6177281910
6177558319
6178872385
6182493838
6183931982
6191054622
6192817556
6195003714
6195259880
6195308154
6196401202
6199574791
6205394775
6206087986
6211655636
6213087060
6213281748
6213418479
6217609408
6218345591
6219452582
6220953491
6221727128
6223098685
6224085811
6224970152
6226866180
6229185389
6230316288
6231497706
6233728167
6236646309
6238519395
6239051175
6243673036
6244088872
6244275809
6248274001
6248380718
6249655811
6249921506
6255623082
6256161927
6256417284
6258551675
6259338953
6259980536
6260217601
6263724503
6264020318
6264544981
6266114042
6266293805
6267104807
6267148002
6267821921
6270407655
6272395202
6273797472
6275227006
6276250256
6278946023
6279555567
6280491135
6280768132
6286080342
6287491114
6287827809
6291331085
6294194140
6299380262
6301247642
6302806059
6303983756
6305637468
6305708256
6307334325
6308311569
6309181448
6312382485
6312637102
6314157779
6314675077
6315398767
6317765374
6323043050
6323446541
6325302673
6329600409
6335159841
6337272486
6338662708
6338693979
6344605079
6344912296
6344930110
6349827413
6353027152
6353030013
6354265328
6355126758
6360056276
6361731036
6364320330
6366554443
6369192956
6370721774
6375191522
6383350239
6386493659
6386549550
6388031525
6389298745
6389331191
6390727969
6393436075
6393829808
6394145188
6396827605
6397747633
6398281951
6400959907
6405261844
6405771883
6405933556
6407580164
6407934005
6408789288
6408975857
6409316768
6412386474
6413542884
6413558221
6416741592
6417361847
6418556919
6418852026
6419911760
6420070726
6420700243
6424607741
6425877247
6427493800
6431041864
6431050108
6431208070
6432743648
6433861694
6434527167
6435482104
6436587687
6436801350
6437946632
6441392583
6444110692
6449761549
6456032445
6458027177
6458444027
6458584772
6459840645
6459914132
6460832739
6461256855
6461315273
6463616026
6467832395
6468795958
6470729222
6471398429
6471717886
6472639463
6473987019
6474145508
6474733056
6474962472
6475703507
6477197394
6479589009
6482730353
6483255078
6483574217
6485908782
6487205117
6487574036
6488597515
6489108826
6489199255
6495465796
6496676748
6497463578
6498015468
6501064883
6510841437
6510960011
6515840539
6517062051
6519457114
6519832803
6522886745
6524065386
6524388961
6524619242
6526366428
6526420984
6530707673
6533767174
6534483063
6536813975
6537062837
6538145034
6539705915
6541760861
6542896353
6543579750
6544037787
6546758138
6548818119
6549459986
6549952222
6550848052
6555231942
6558130202
6559225305
6562206988
6564030832
6564636402
6564920482
6565041412
6570712567
6570822400
6570943442
6571997721
6572058780
6580109163
6581527722
6581585542
6587142722
6587438038
6590211602
6593224361
6594090436
6598519310
6598673749
6599493746
6601359248
6602345960
6604467625
6606038434
6607237283
6607982891
6611012655
6614756859
6616603767
6621837172
6622662171
6624069216
6624097260
6627570378
6627965210
6630490342
6630652829
6630986803
6631395420
6632062221
6635380736
6636045389
6638293076
6638430296
6638648030
6642229427
6644479948
6645632535
6646600977
6647221030
6650853676
6654810649
6656287428
6659880536
6663732754
6672475836
6673495579
6675601762
6676950933
6680406912
6680607143
6682740043
6684529970
6685191521
6685323012
6685344739
6690372880
6692073678
6692150348
6692642685
6693013627
6693328456
6698055057
6704572391
6707805781
6708084040
6710802718
6714279261
6714672699
6715237794
6715605020
6716090148
6716636184
6717471399
6720475605
6720841864
6721701763
6722959442
6723071955
6725472697
6726308839
6726343153
6727045724
6727665576
6728081327
6728118072
6729669526
6730221394
6733530251
6734790898
6735136770
6736695041
6736791677
6741440451
6741503131
6744374951
6744696272
6744753026
6745807529
6748937880
6758391465
6775854540
6777117071
6777416595
6779121346
6781096505
6781709034
6783235032
6786677753
6790397761
6790783936
6793325796
6793709561
6795000839
6797529393
6797834305
6798618708
6799222974
6800045797
6801248080
6802644480
6802845086
6803532499
6806747182
6807304579
6807339689
6809055435
6809919960
6811480503
6814477958
6821060389
6823475754
6823583763
6824732025
6825300343
6825587007
6826799793
6828501379
6830546444
6831921647
6832116603
6834509153
6834517749
6835404742
6838080227
6839738979
6841575877
6844446737
6845829421
6846831392
6847535319
6850984977
6854255575
6855277952
6855573779
6857999212
6858119218
6859865797
6860746798
6861289282
6862473108
6864965737
6865504003
6868375289
6868400092
6869836778
6869994888
6873350588
6873961011
6875879979
6877805257
6879647884
6884083198
6887184832
6888639989
6890095949
6890258470
6890382891
6892210677
6892499010
6894000734
6894283488
6895613396
6905036312
6906698494
6908743792
6909779239
6910444730
6912949915
6914620867
6918484618
6919167343
6921601822
6924507522
6924806290
6926454728
6926724944
6927260598
6930579438
6930846534
6931981609
6933169388
6933230469
6933343511
6934699451
6940604585
6940961917
6942495364
6942584130
6945857577
6947312445
6948390875
6952153283
6953063460
6953209717
6959236499
6959750985
6960791070
6963159767
6963189837
6964585781
6966479056
6966834633
6968172466
6969580896
6969694961
6970114345
6971963975
6974184575
6976050693
6978675486
6986960871
6987397618
6989977390
6991346701
6991844372
6993218763
6993800240
6994707148
6995231308
6995441326
6998524366
6999593736
7000780677
7004378812
7006584754
7008245531
7011344623
7011943158
7012359849
7014908626
7016288381
7016543768
7017111460
7022943337
7023218292
7023779446
7025250502
7026101527
7026169180
7026559475
7026657998
7026842920
7027402008
7032438001
7032789739
7034784890
7035028274
7035241436
7035676166
7037466147
7037699420
7037770588
7039196890
7041537728
7041848791
7042400504
7042854631
7045673992
7045968425
7046839350
7047228422
7047324230
7047841659
7048057002
7052613764
7053645947
7053827006
7054918560
7054946962
7056212803
7057276113
7064427414
7065348091
7066251518
7067383920
7071845791
7073190765
7075490844
7077420010
7077866724
7082620689
7082640309
7084047903
7084751005
7098678010
7099113073
7099876109
7100577302
7103238389
7107781074
7108108093
7109463362
7113752671
7116791644
7118069152
7119659846
7125152204
7126850653
7128377926
7130841403
7132895543
7134366841
7135184683
7136220965
7138109466
7138916198
7142476901
7142901350
7146221295
7148103171
7149474982
7150311060
7151251754
7152656309
7156743085
7159441498
7161178930
7162369285
7163258784
7164108303
7165254588
7169044490
7169444859
7173937412
7177673760
7180849603
7181671858
7185141745
7187441175
7190463348
7190859313
7191823590
7193124812
7196438951
7201546477
7203090348
7204237088
7210540909
7210646346
7213093059
7214569387
7214833302
7216193015
7216520326
7218662578
7219688823
7221861235
7223448301
7224504820
7225048110
7225464171
7230687229
7230837023
7234525334
7234712662
7235704101
7236591328
7242075249
7243176667
7244846204
7246638754
7247476667
7248295187
7249313653
7250510832
7259975032
7260058047
7262025298
7264708515
7265103370
7267714522
7268419040
7270958392
7276358838
7276963001
7277675317
7278784522
7288155065
7288642363
7293216951
7295189225
7297481900
7300451251
7303084731
7303224817
7304085004
7306498726
7306872452
7308573709
7313926371
7319194989
7319473292
7320503667
7321975080
7326313093
7326816502
7327045604
7328350757
7328449237
7334624193
7336639086
7337737457
7338281274
7338645254
7340098852
7340470099
7341626217
7341692730
7342016704
7343100892
7344959670
7348993336
7355177433
7355749517
7357979768
7360163218
7360488967
7362368874
7364130805
7365767458
7367116330
7367720304
7368961583
7372239380
7373302901
7374857857
7375792257
7376711560
7377562335
7381461570
7381916534
7384635075
7385683278
7387327900
7389566982
7390360004
7391294124
7397025116
7397120003
7397297108
7401095510
7401799330
7404933835
7407756510
7408030000
7409833281
7413392032
7417981691
7418603687
7419781455
7422240429
7427522760
7428812007
7429008216
7429125446
7429637777
7431508866
7434563757
7436190043
7437185015
7437210952
7441830893
7445250292
7445326571
7445519063
7446033615
7446644086
7449457132
7449737773
7451120989
7453749502
7453812190
7454243905
7454741009
7456773890
7458612982
7458994458
7462072913
7463943680
7469623555
7470118418
7470315431
7471625244
7471819811
7472589938
7472836682
7474436739
7474551670
7475576602
7477697071
7478562916
7479386593
7480960933
7484634177
7485350835
7487472716
7488897241
7489735743
7490071641
7490076474
7494210564
7494789377
7497130202
7498142732
7498740872
7502995229
7503152005
7503959790
7504606090
7505353407
7509699797
7512570362
7514507896
7516833789
7517049590
7519718922
7526152297
7526193978
7530478974
7535335571
7536723657
7539398104
7541963116
7542462070
7545497092
7546368247
7547688519
7552091446
7554385267
7555462228
7557981466
7559309065
7559713718
7560493116
7564944542
7567279584
7567946705
7568981848
7571147547
7571267396
7572672756
7573009487
7578778558
7581294787
7581706291
7581979089
7586233652
7589355859
7590082403
7591179115
7593318214
7594239123
7594448199
7594642778
7595694825
7596145041
7597743017
7598969565
7602756513
7602900013
7603662082
7604476928
7606918195
7607869957
7608323001
7616742015
7617288711
7618730761
7619741300
7620302725
7621026191
7623488755
7628504793
7630678507
7631886053
7633290661
7633403222
7633931031
7634877168
7636708817
7638942416
7640683808
7641178658
7643140823
7643467134
7644109043
7644248438
7645007324
7646109334
7646561687
7647749290
7650573820
7652211041
7653662886
7654005197
7654339575
7654618866
7655218783
7661455114
7661987590
7664530392
7665139528
7667789701
7667926898
7667944248
7671187739
7674242079
7674658301
7674882568
7674895112
7675590011
7676334846
7677041467
7678582033
7679373280
7680642404
7682906276
7686573270
7686743939
7687911131
7690961381
7693645667
7694429627
7696274431
7696339935
7701535500
7703214425
7705203441
7711488336
7714239067
7715000873
7716283873
7717885347
7718090990
7720450927
7722676106
7723018144
7723295551
7723647854
7723689492
7727687869
7729891352
7730225978
7730883787
7731093421
7731420673
7733926973
7734102787
7735807623
7738510360
7739977987
7743743137
7744725558
7746116810
7747558544
7747744278
7748931507
7750366197
7752042469
7752780520
7754069014
7758502438
7758977116
7761535754
7762524157
7762573908
7763159410
7763955980
7765021868
7765805227
7768232641
7768978637
7769866826
7773550303
7775674683
7776996404
7777785725
7785422446
7787330300
7788002967
7790162868
7791358116
7791381854
7795070865
7798235984
7801443903
7806773530
7808322376
7809452270
7810519777
7813739295
7820368265
7832071458
7832871337
7835242281
7838229578
7840541556
7842977225
7843735806
7847615660
7848688602
7850890978
7851985781
7858417186
7860565637
7865419936
7869882155
7875811889
7876061511
7877701317
7880987187
7881121969
7883115317
7889316702
7893501615
7894001964
7895594812
7899952885
7905777041
7905942387
7909462008
7910289269
7911549694
7912134706
7913243753
7913510753
7914782589
7916689267
7918615752
7920956399
7923286703
7924046857
7924130724
7928980472
7929191867
7929528996
7930190869
7931822787
7932291178
7932331290
7934608622
7935219593
7935321770
7936043349
7936740470
7938084087
7938920624
7939424008
7944580510
7945809259
7945980785
7945999684
7947969969
7947992532
7949015167
7954027745
7955194367
7955211154
7959040162
7960002935
7960148258
7961448731
7962704037
7963614268
7965154005
7966139636
7969369025
7971215065
7971446221
7974088812
7974617135
7974932207
7974978088
7977676815
7981098739
7981423380
7982138513
7983191130
7985192010
7985426299
7985817260
7987483989
7991217276
7991896367
7993850130
7998364441
7998688391
7999402247
7999498119
8000955013
8002824515
8005215580
8006512295
8007244693
8007995610
8011263312
8018454462
8019459262
8020130332
8021407817
8023491130
8024368134
8030061295
8030681328
8032084546
8032409589
8032563437
8034375361
8034488814
8037692302
8038518988
8040818800
8041440785
8045189502
8046608543
8047791167
8048343284
8048938169
8049234735
8050933768
8051395928
8055183381
8057493055
8060211952
8061058443
8062784515
8065521061
8065995004
8067223170
8068746054
8071314982
8071325683
8071630411
8074089738
8074788982
8075671753
8077387726
8080172051
8081268083
8083178443
8084831577
8084929260
8085842717
8086947023
8086965004
8087562460
8087562797
8088107436
8089969987
8090711953
8091716309
8093450942
8093469323
8094265801
8094970241
8096254369
8097902161
8099152300
8099524765
8101973402
8102402897
8103361405
8105906494
8106374870
8106521615
8113504693
8114882902
8115228042
8117943170
8118522527
8124679466
8126704732
8127633576
8127794498
8130484500
8133140939
8133796085
8134157144
8134739537
8134780703
8136332878
8136627628
8137707385
8138705258
8142551807
8142607011
8145822456
8145913408
8148432005
8148704807
8149630213
8150840837
8150918627
8153066714
8154373655
8155051049
8155709611
8157116962
8157501345
8158562722
8158917912
8161979441
8162160601
8167934450
8168442012
8171034270
8175744460
8176416420
8176518294
8176549664
8179288091
8179978862
8180782071
8181949463
8182070521
8184096122
8184831857
8188217763
8188500415
8188810491
8189757840
8193183455
8194120249
8195165332
8201164960
8201171486
8203463398
8205642943
8208980192
8213073563
8213674815
8213810584
8214018095
8215090149
8217066718
8219835742
8220884505
8221430044
8222413616
8222693030
8233295417
8234317318
8238253941
8239535304
8242952891
8245030589
8245721031
8246097802
8247487062
8248659435
8250832220
8251006865
8251626353
8252146541
8257626049
8259918473
8263787547
8264171894
8264929882
8265858762
8266118173
8271980792
8274240503
8275633183
8275710709
8276799437
8278911973
8280269578
8280319626
8280564273
8280854660
8283282065
8283704872
8283949052
8284658036
8285479427
8286282476
8287070778
8287764145
8289866310
8290444512
8292012565
8294375240
8295458219
8302376584
8303264634
8303874665
8305335520
8305760833
8306979346
8308504845
8312991385
8313490051
8313757397
8313836112
8313889247
8316290614
8319064974
8319650485
8320390362
8320820950
8324529617
8325329806
8326177919
8328520785
8329077281
8329124818
8329242563
8331753946
8333218172
8334293468
8334317176
8336388365
8336496007
8336567014
8336656386
8337301277
8339522232
8341193504
8342231581
8342795823
8345850441
8348885157
8351533113
8351849577
8354753618
8355489075
8358002410
8365728670
8371410584
8375465338
8377621308
8378122485
8378236560
8378855458
8379264452
8379821846
8379851512
8385090574
8386888548
8388401472
8389513829
8392378951
8392881141
8393586102
8397575426
8398974016
8399048923
8399079962
8400820098
8405482804
8407205882
8407529097
8407556254
8413364083
8413465367
8413558359
8416005838
8417198070
8417672339
8417849312
8419356156
8422190013
8423879313
8424797821
8427030136
8428843115
8430949323
8431019837
8435751357
8436400070
8437748710
8440803625
8446654685
8448359212
8449368820
8452756917
8453782588
8459618504
8461972692
8462910698
8463087863
8465388527
8471850983
8472205557
8472482122
8472840938
8474477526
8476102231
8476619745
8477697509
8480890743
8482496924
8484346709
8484352958
8487670004
8490405150
8491492700
8491516469
8492738084
8492773022
8492776544
8493962937
8494972221
8495768731
8498578839
8501683936
8506465896
8507195422
8507662839
8507791616
8508210965
8509347266
8511640346
8512566802
8515055610
8516129973
8516717184
8517989132
8520722597
8525415361
8526746722
8527358727
8530015600
8531678517
8534404533
8534641411
8535235142
8537830621
8539734858
8540255204
8542890694
8544867333
8551873355
8551993006
8553079687
8557954322
8560957590
8562015005
8562483589
8565745217
8565756025
8566015966
8567427895
8568002513
8568166266
8568230800
8568378329
8569280960
8571550994
8572709061
8576393519
8577245007
8578717671
8584352981
8586782432
8588860023
8589497083
8592485233
8592711140
8593589167
8593825074
8595031791
8595882036
8596273864
8597919656
8598013315
8599558076
8607736415
8607770503
8608253164
8614223660
8617105408
8617301776
8622109413
8622168468
8623012222
8625479007
8626044476
8626087863
8629589602
8632294396
8634809197
8636016071
8636520560
8639875229
8640105396
8646205283
8650445827
8651039781
8651715183
8654067713
8657734584
8658049893
8660566187
8662532199
8663025939
8666180075
8666377903
8670437637
8671606775
8672051917
8673860588
8674562305
8675559014
8676744913
8677674387
8679205395
8680486192
8681668868
8682163684
8685395926
8688818166
8690668858
8691070008
8691698878
8692091576
8693565485
8695899243
8699776208
8700191977
8700781853
8701280999
8703416271
8703892859
8704491117
8704814206
8707369644
8707451792
8710629665
8713497509
8713683236
8713929331
8717423830
8717799076
8718312246
8719502114
8719753011
8720797222
8720800147
8721043424
8722138168
8722858399
8724499546
8724783355
8726272071
8727391762
8727422118
8728592707
8729695694
8729786056
8730876295
8733658503
8739984469
8740895643
8741675475
8741738793
8742844285
8742990195
8745952504
8747658563
8748009171
8750241160
8750591780
8754392131
8756637353
8758902388
8760034716
8764578353
8768065670
8768111522
8775081085
8776655687
8776734484
8777519032
8780055468
8781704862
8796593365
8796644079
8797132581
8797418327
8798290268
8798551172
8798848671
8798973473
8801602373
8802629875
8803065906
8803265975
8803550669
8804341101
8804582024
8804987864
8807746383
8808334390
8808401664
8811743273
8815333843
8817138931
8819360213
8824256305
8824542110
8825257001
8826546800
8826844970
8829954574
8831109995
8832587154
8833394001
8833444487
8835498562
8843308240
8845775922
8849492439
8853076582
8853310788
8855750974
8858843310
8860102534
8860820523
8861096605
8861651255
8861870672
8862116761
8862372322
8862553721
8862755223
8865230476
8865533181
8867231240
8869162651
8872162919
8872726163
8873568487
8874762097
8874785626
8875554038
8876872191
8878243303
8878591492
8882016271
8883505699
8885431301
8890194762
8891062432
8891715506
8893580179
8896268759
8897479990
8898232421
8899260026
8899655150
8900299963
8902024577
8904530906
8907092627
8907594063
8908248466
8912169258
8912572127
8912947668
8914310840
8914683921
8915943258
8916229334
8916680673
8919219067
8920539259
8930896310
8932565105
8934339408
8935169639
8935621488
8935892959
8936481221
8936735846
8936885236
8937385833
8937495371
8942045025
8947303959
8947887787
8950557267
8950817378
8952403980
8959179826
8960679429
8962216627
8962780559
8964236389
8965157658
8967032468
8968193039
8969206271
8971108786
8974765375
8977592925
8981433943
8981899257
8986521037
8988831922
8992436280
8993202311
8994650669
8997275595
8998459224
9000617948
9002212058
9002525226
9002627272
9003086854
9004519802
9007131536
9009580563
9013470395
9014982376
9017482099
9017937974
9021307125
9024333764
9024404850
9024630531
9029716595
9034668316
9035124643
9035839979
9037850906
9038586863
9038778599
9040771929
9042137554
9042213263
9042541114
9045355991
9045911804
9046423230
9047436076
9047742417
9050799551
9052211488
9052466924
9054576946
9056549875
9057799034
9058543688
9058839024
9059435395
9061026316
9061940808
9062708663
9062774509
9064927208
9065338951
9066363713
9066497857
9069298717
9070821554
9072490145
9073174418
9074567950
9075047207
9075787594
9075939311
9076296562
9077223760
9079003154
9079991630
9080734763
9085101477
9085834058
9087317511
9089963411
9091369006
9091942903
9091995956
9096420414
9099817520
9102038383
9102386810
9105552545
9106387314
9106767179
9107026319
9107057861
9108975479
9109762010
9110406645
9118531410
9118869387
9121406505
9124126193
9125855703
9126890785
9129723588
9129845740
9133703145
9136006652
9136503520
9146029126
9148257821
9148993148
9151316130
9152181538
9153267468
9157154496
9157783740
9160123161
9160463193
9165684293
9165830024
9166206595
9167394296
9169085379
9171198169
9172116933
9173086103
9175940905
9176138045
9176252943
9176306291
9178171947
9179954920
9182054052
9182361750
9186151558
9188131782
9188405995
9192001839
9192057648
9192177139
9192528527
9193591286
9193771875
9194623608
9194791884
9200173514
9202488503
9203699872
9204858353
9205626977
9205683480
9208476973
9208739908
9209970397
9210166749
9213510866
9215497589
9215938341
9219023208
9219325548
9219607941
9220215028
9223541241
9224208396
9224793242
9224962449
9227305574
9228180640
9229419263
9230674975
9231192766
9235423379
9237427134
9238981962
9240012357
9240747502
9244292324
9246207375
9246295763
9246539696
9247182486
9248695887
9249476421
9250030886
9250623416
9253410213
9256434235
9258336825
9262001493
9263599254
9264335435
9267044211
9268881270
9269076601
9269967256
9270855067
9272511180
9276012142
9276304778
9276610676
9279977635
9280588519
9283221646
9288520128
9292145082
9296804905
9297783373
9297801034
9298800921
9299041652
9308048761
9310711228
9312604163
9312653009
9313010200
9317412769
9317472734
9320544498
9320549892
9321142753
9326261363
9328318354
9330593364
9331410615
9333863240
9335665027
9335895555
9337050762
9337652737
9338464634
9341753941
9342857011
9342948923
9344855748
9349848985
9350027110
9352040301
9352569645
9354668015
9359241806
9360447845
9363781717
9365113501
9365196429
9366374610
9370830091
9371209059
9371671049
9372221672
9372880060
9376917566
9381120431
9381175833
9382710522
9384544957
9385450537
9386992690
9391673150
9396234394
9396648007
9397749213
9405053471
9405108994
9405417046
9408026064
9408174929
9409896469
9410553513
9411479163
9412497982
9412657012
9413693747
9414001724
9415691581
9418925029
9420958571
9422182011
9423682728
9425497800
9426237171
9427300415
9427744182
9428614375
9429479029
9431040365
9432243293
9433053623
9436168413
9436200142
9439838231
9440482904
9441915236
9442849480
9444288152
9445112308
9447775521
9448836662
9450771511
9452106780
9454518251
9454790412
9454860308
9456157738
9458007353
9458503199
9462084790
9464421849
9464712395
9465111877
9467698064
9469787882
9474546159
9476421050
9480577393
9482914291
9484674079
9487869598
9490031150
9490341373
9490628151
9493520254
9496592879
9499938396
9501012475
9501338204
9504819141
9504981953
9505703701
9509328692
9512329361
9512424526
9516476189
9518361836
9518912224
9519135592
9520524012
9525689001
9533664041
9533998844
9535388484
9536016109
9539263431
9542070242
9542229578
9548282160
9548413487
9548711016
9551336091
9553911703
9557267010
9557802621
9560916924
9562112995
9565664366
9566806015
9568141409
9568830560
9569946856
9569954990
9571579180
9575602621
9582226694
9582341811
9583746765
9584886740
9587620574
9588006206
9588685791
9588803637
9590256365
9593229757
9596517783
9600622676
9604855075
9606588538
9606924480
9607304944
9617017568
9618083747
9622175093
9623137375
9624957076
9625423109
9626634264
9629929689
9630179008
9632837836
9634338761
9634441968
9636509605
9637554558
9639030535
9639483674
9641181948
9642252271
9642280700
9642542741
9643700376
9649356616
9649618318
9650511354
9652535566
9652696613
9655978580
9657196782
9661190006
9661636055
9662768929
9663797958
9663863102
9664506675
9666257368
9668171918
9672357762
9672441707
9673867574
9675006729
9675680850
9676055331
9679127139
9681394059
9684145685
9685338716
9685915713
9686929315
9687735417
9689461053
9691436714
9692562623
9694835788
9695626221
9701548095
9701626756
9701657728
9703645846
9708524595
9708544009
9710143189
9713268888
9714937784
9721659157
9723450080
9723455032
9724630851
9724771865
9725624527
9725869205
9728469378
9730549577
9730936255
9731602529
9732190205
9732751723
9733219711
9735233075
9737083848
9737713662
9738273793
9738432609
9742118273
9748740566
9751614271
9751982750
9752521572
9752884796
9753252577
9755026638
9758211003
9758337161
9765219577
9768124297
9770664307
9775019943
9777423099
9778955711
9781898576
9788627701
9789712162
9789973842
9792553400
9794236038
9795368155
9797663334
9799272247
9799820194
9799926923
9801559050
9801818063
9803389217
9808332946
9808821590
9809948394
9810174579
9810835554
9810976599
9813125622
9815176574
9818852677
9819497272
9820309382
9826693522
9827371631
9830017515
9834338305
9835431450
9836827303
9836910827
9837931086
9838164610
9838486655
9841030310
9842646737
9842783466
9845961148
9851433241
9851882518
9855530563
9856443845
9856730164
9857010010
9859634734
9862696146
9863423540
9867108273
9868284355
9872044966
9872053992
9873388433
9873690554
9874478756
9878880970
9882562005
9883159323
9883373710
9884394820
9885613229
9885639446
9887220437
9887501247
9892421805
9893343233
9895681277
9896458027
9898226452
9899557926
9899717048
9901971804
9902621629
9903293944
9903933755
9905981695
9906400624
9908458585
9909208954
9912283668
9916017755
9918632073
9923228862
9923694341
9924374697
9924406201
9925096269
9926248010
9926695765
9929607268
9931327714
9934344112
9934673468
9935738346
9936820386
9937744861
9939888422
9941720662
9942313515
9942981874
9944620268
9945172918
9946185040
9949070442
9949681871
9950560105
9952751476
9954300142
9956467834
9961493227
9961768452
9963086140
9965003972
9966027136
9969510950
9971734909
9973977579
9974039636
9976927509
9977970407
9981731243
9982489044
9988856625
9989009099
9989664008
9990240915
9992316329
9995481448
9996947712
9998172432
10500000314
10500000443
10500000482
10500000778
10500000809
10500001149
10500001220
10500001390
10500001471
10500001535
10500001566
10500001693
10500001694
10500001723
10500001725
10500001726
10500001920
10500002016
10500002032
10500002368
10500002393
10500002518
10500002528
10500002675
10500002922
10500003168
10500003210
10500003250
10500003516
10500003517
10500003527
10500003662
10500004089
10500004194
10500004323
10500004387
10500004444
10500004647
10500004933
10500005057
10500005142
10500005341
10500005465
10500005467
10500005556
10500005723
10500006144
10500006481
10500006546
10500006640
10500006643
10500006868
10500006944
10500007027
10500007120
10500007222
10500007268
10500007632
10500007703
10500007705
10500007708
10500007715
10500007716
10500007718
10500007719
10500007836
10500007896
10500007917
10500007969
10500008139
10500008142
10500008146
10500008149
10500008246
10500008629
10500008643
10500008883
10500008926
10500009026
10500009034
10500009037
10500009151
10500009426
10500009496
10500009515
10500009711
10500009712
10500009785
10500009798
10500009961
10500010390
10500010392
10500010554
10500010555
10500010736
10500010763
10500010921
10500010926
10500010928
10500010974
10500011089
10500011090
10500011302
10500011303
10500011404
10500011786
10500011857
10500012039
10500012050
10500012062
10500012079
10500012326
10500012338
10500012372
10500012652
10500012654
10500012934
10500013067
10500013070
10500013308
10500013422
10500013617
10500013719
10500013915
10500013927
10500014263
10500014290
10500014295
10500014360
10500014428
10500014440
10500014441
10500014462
10500014497
10500014498
10500014595
10500015174
10500015274
10500015377
10500015378
10500015379
10500015380
10500015382
10500015383
10500015495
10500015510
10500015525
10500016028
10500016074
10500016493
10500016838
10500017111
10500017570
10500017576
10500017577
10500017934
10500018018
10500018082
10500018087
10500018091
10500018100
10500018102
10500018246
10500018248
10500018384
10500018552
10500018680
10500018696
10500018720
10500018746
10500018787
10500018788
10500018823
10500018826
10500018828
10500018989
10500019058
10500019062
10500019290
10500019374
10500019394
10500019425
10500019803
10500019869
10500020028
10500020143
10500020177
10500020189
10500020259
10500020363
10500020416
10500020443
10500020444
10500020889
10500020913
10500020955
10500021068
10500021070
10500021071
10500021163
10500021605
10500021606
10500021752
10500021774
10500021776
10500021976
10500021984
10500022290
10500022313
10500022407
10500022522
10500022772
10500022773
10500022774
10500022777
10500022786
10500022848
10500023322
10500023334
10500023391
10500023409
10500023504
10500023505
10500023506
10500023507
10500023508
10500023509
10500023510
10500023511
10500023720
10500023734
10500024363
10500024883
10500024897
10500025201
10500025355
10500025584
10500025721
10500026028
10500026413
10500026833
10500026834
10500026835
10500026836
10500027012
10500027013
10500027045
10500027221
10500027600
10500027765
10500027810
10500027916
10500028403
10500028510
10500028670
10500028674
10500028685
10500028704
10500028750
10500028751
10500028792
10500028873
10500028910
10500029169
10500029604
10500029811
10500029828

